-0.900000 0.000000 -0.900000 -90.000000
-1.444500 0.000000 0.000000 -99.900000
-0.999000 0.000000 -0.990000 0.000000
-0.990000 -0.999900 0.000000 -90.000000
0.000000 -0.900000 0.000000 0.000000
39.510000 0.000000 -0.999000 -99.900000
-0.900000 -0.999000 -0.900000 -90.000000
0.000000 0.000000 -0.990000 -90.000000
0.000000 -0.900000 -0.990000 -90.000000
0.000000 -0.900000 -0.900000 0.000000
-0.900000 0.000000 -0.900000 0.000000
-1.305000 0.000000 -0.900000 0.000000
180.000000 0.000000 0.000000 0.000000
0.000000 0.000000 0.000000 0.000000
0.000000 0.000000 0.000000 0.000000
0.000000 0.000000 0.000000 0.000000
0.000000 0.000000 0.000000 0.000000
0.000000 0.000000 0.000000 0.000000
0.000000 0.000000 0.000000 0.000000
-0.900000 0.000000 0.000000 0.000000
-1.305000 0.000000 -0.900000 0.000000
-0.990000 0.000000 -0.900000 -90.000000
0.000000 -0.900000 0.000000 0.000000
0.000000 0.000000 0.000000 0.000000
-0.999990 -90.000000 -1.395000 -0.900000
-1.448550 -1.444500 -0.900000 -0.990000
-0.990000 -0.900000 -0.990000 -0.900000
-0.900000 -0.900000 -0.990000 -0.999000
-0.990000 -1.395000 39.600000 -0.900000
0.000000 90.000000 0.000000 16.789500
0.000000 0.000000 0.000000 -0.990000
0.000000 0.000000 0.000000 0.000000
0.000000 0.000000 0.000000 0.000000
-0.900000 0.000000 0.000000 0.000000
-0.900000 -0.900000 0.000000 -0.900000
-0.999000 -0.900000 -0.900000 -0.900000
0.000000 -0.990000 0.000000 0.000000
0.000000 0.000000 0.000000 0.000000
0.000000 0.000000 0.000000 0.000000
0.000000 0.000000 0.000000 0.000000
0.000000 0.000000 0.000000 0.000000
0.000000 0.000000 0.000000 0.000000
-0.900000 0.000000 -0.900000 0.000000
0.000000 0.000000 -0.999000 -0.900000
-0.900000 -0.990000 -0.900000 -0.990000
-0.900000 -0.900000 0.000000 -0.900000
-0.900000 0.000000 0.000000 0.000000
0.000000 -0.900000 0.000000 0.000000
-0.900000 -99.999990 -1.485900 -1.445400
-1.494909 -0.990000 -0.999990 -1.404000
-1.494950 -1.449549 -0.900000 -0.900000
-0.900000 -0.900000 -0.900000 -0.900000
0.000000 -0.900000 0.000000 -0.999000
0.000000 0.000000 -0.900000 0.000000
-0.900000 0.000000 0.000000 -0.900000
0.000000 0.000000 0.000000 0.000000
0.000000 0.000000 -0.900000 0.000000
-0.900000 -0.900000 -0.900000 0.000000
-0.999000 0.000000 0.000000 -0.900000
0.000000 0.000000 -0.990000 -0.999000
-0.990000 0.000000 0.000000 0.000000
-1.395000 0.000000 -0.900000 0.000000
-0.900000 0.000000 0.000000 0.000000
0.000000 0.000000 0.000000 0.000000
0.000000 0.000000 -0.900000 0.000000
-0.990000 0.000000 0.000000 0.000000
120.600000 0.000000 0.000000 -0.990000
0.000000 0.000000 0.000000 0.000000
-0.900000 0.000000 -0.900000 -0.900000
-0.900000 -0.990000 -0.990000 0.000000
-0.990000 -0.900000 -0.900000 0.000000
-0.900000 0.000000 0.000000 -0.900000
-90.000000 0.000000 -0.900000 -1.395000
-100.390050 -0.990000 -1.499436 -1.444500
-100.499836 -1.444500 -0.999990 -0.999999
-99.990000 -1.485000 -0.990000 -0.900000
0.000000 0.000000 -0.900000 -0.900000
0.000000 0.000000 0.000000 -0.900000
-90.000000 0.000000 -0.900000 -0.900000
0.000000 -0.900000 -0.900000 0.000000
0.000000 -0.900000 0.000000 0.000000
0.000000 0.000000 0.000000 -0.900000
-99.000000 0.000000 -0.990000 -0.990000
-90.000000 -0.900000 0.000000 -0.990000
-99.000000 -0.900000 -1.395000 0.000000
-90.000000 -0.900000 -0.900000 -0.999000
-90.000000 -0.900000 -0.900000 0.000000
0.000000 0.000000 -0.900000 0.000000
-90.000000 0.000000 0.000000 -0.900000
0.000000 0.000000 120.510000 -0.900000
-90.000000 -0.900000 -0.990000 80.370000
-99.900000 -0.990000 -0.900000 0.000000
82.354500 -0.900000 0.000000 0.000000
47.072180 47.517750 -0.900000 -0.990000
-0.999000 0.000000 -1.444500 -0.900000
-1.499396 -0.990000 -99.000000 -0.900000
0.000000 0.000000 0.000000 0.000000
0.000000 0.000000 0.000000 0.000000
0.000000 0.000000 0.000000 0.000000
0.000000 0.000000 0.000000 0.000000
0.000000 0.000000 0.000000 0.000000
0.000000 0.000000 0.000000 0.000000
0.000000 0.000000 0.000000 0.000000
0.000000 0.000000 0.000000 0.000000
0.000000 0.000000 0.000000 0.000000
0.000000 0.000000 0.000000 0.000000
0.000000 0.000000 0.000000 0.000000
0.000000 0.000000 0.000000 0.000000
0.000000 0.000000 0.000000 0.000000
0.000000 0.000000 0.000000 0.000000
0.000000 0.000000 0.000000 0.000000
0.000000 0.000000 0.000000 0.000000
0.000000 0.000000 0.000000 0.000000
0.000000 0.000000 0.000000 0.000000
0.000000 0.000000 0.000000 0.000000
0.000000 0.000000 0.000000 0.000000
31.218750 -19.457055 48.809533 161.100000
99.654345 79.469550 22.864217 21.730715
6.530926 48.284086 -1.499000 -0.990000
-0.999990 16.667619 -100.499405 -1.445400
0.000000 0.000000 0.000000 0.000000
0.000000 0.000000 0.000000 0.000000
0.000000 0.000000 0.000000 0.000000
0.000000 0.000000 0.000000 0.000000
0.000000 0.000000 0.000000 0.000000
0.000000 0.000000 0.000000 0.000000
0.000000 0.000000 0.000000 0.000000
0.000000 0.000000 0.000000 0.000000
0.000000 0.000000 0.000000 0.000000
0.000000 0.000000 0.000000 0.000000
0.000000 0.000000 0.000000 0.000000
0.000000 0.000000 0.000000 0.000000
0.000000 0.000000 0.000000 0.000000
0.000000 0.000000 0.000000 0.000000
0.000000 0.000000 0.000000 0.000000
0.000000 0.000000 0.000000 0.000000
0.000000 0.000000 0.000000 0.000000
0.000000 0.000000 0.000000 0.000000
0.000000 0.000000 0.000000 0.000000
0.000000 0.000000 0.000000 0.000000
0.000000 -59.543775 89.680500 78.754500
84.002400 39.366225 -0.999990 47.876128
-1.404000 89.639100 -0.900000 16.713169
-1.449540 -1.305000 -100.641847 -1.498900
0.000000 0.000000 0.000000 0.000000
0.000000 0.000000 0.000000 0.000000
0.000000 0.000000 0.000000 0.000000
0.000000 0.000000 0.000000 0.000000
0.000000 0.000000 0.000000 0.000000
0.000000 0.000000 0.000000 0.000000
0.000000 0.000000 0.000000 0.000000
0.000000 0.000000 0.000000 0.000000
0.000000 0.000000 0.000000 0.000000
0.000000 0.000000 0.000000 0.000000
0.000000 0.000000 0.000000 0.000000
0.000000 0.000000 0.000000 0.000000
0.000000 0.000000 0.000000 0.000000
0.000000 0.000000 0.000000 0.000000
0.000000 0.000000 0.000000 0.000000
0.000000 0.000000 0.000000 0.000000
0.000000 0.000000 0.000000 0.000000
0.000000 0.000000 0.000000 0.000000
0.000000 0.000000 0.000000 0.000000
0.000000 0.000000 0.000000 0.000000
0.000000 -8.280000 86.027400 0.000000
89.635950 143.892000 -1.395000 89.680500
-0.999000 -0.900000 -1.404999 -0.999000
-0.900000 -1.449550 -100.448550 -1.587150
0.000000 0.000000 0.000000 0.000000
0.000000 0.000000 0.000000 0.000000
0.000000 0.000000 0.000000 0.000000
0.000000 0.000000 0.000000 900.000000
0.000000 0.000000 0.000000 0.000000
0.000000 0.000000 0.000000 0.000000
0.000000 0.000000 0.000000 0.000000
0.000000 0.000000 0.000000 0.000000
0.000000 0.000000 0.000000 0.000000
0.000000 0.000000 0.000000 0.000000
0.000000 0.000000 0.000000 0.000000
0.000000 0.000000 0.000000 0.000000
0.000000 0.000000 0.000000 0.000000
0.000000 0.000000 0.000000 0.000000
0.000000 0.000000 0.000000 0.000000
0.000000 0.000000 0.000000 0.000000
0.000000 0.000000 0.000000 0.000000
0.000000 0.000000 0.000000 0.000000
0.000000 0.000000 0.000000 0.000000
0.000000 0.000000 0.000000 0.000000
-0.900000 -59.481000 98.743995 89.820000
-1.395000 43.461000 -0.900000 201.501000
-1.449450 -1.404000 0.000000 -1.305000
-0.900000 0.000000 -99.000000 -1.305000
0.000000 0.000000 0.000000 0.000000
0.000000 0.000000 0.000000 0.000000
0.000000 0.000000 0.000000 0.000000
0.000000 0.000000 0.000000 -0.900000
0.000000 0.000000 0.000000 0.000000
-0.900000 0.000000 0.000000 0.000000
0.000000 -0.900000 0.000000 -90.000000
0.000000 -0.900000 0.000000 0.000000
0.000000 -0.900000 0.000000 0.000000
0.000000 0.000000 0.000000 0.000000
0.000000 0.000000 0.000000 0.000000
0.000000 0.000000 0.000000 0.000000
0.000000 0.000000 0.000000 0.000000
-0.900000 0.000000 0.000000 0.000000
0.000000 0.000000 0.000000 0.000000
0.000000 0.000000 0.000000 0.000000
0.000000 0.000000 0.000000 0.000000
0.000000 0.000000 0.000000 0.000000
0.000000 0.000000 0.000000 0.000000
-0.900000 0.000000 -0.999000 -99.000000
0.000000 -0.999900 -0.900000 -0.900000
-0.990000 -0.900000 -0.999000 -0.900000
-1.395000 -0.999000 -0.990000 -0.999900
-0.900000 -1.444500 0.000000 -0.900000
0.000000 0.000000 0.000000 0.000000
0.000000 0.000000 0.000000 0.000000
0.000000 0.000000 0.000000 0.000000
0.000000 0.000000 0.000000 -0.900000
0.000000 -0.900000 0.000000 0.000000
0.000000 -0.900000 0.000000 0.000000
0.000000 0.000000 0.000000 0.000000
0.000000 0.000000 0.000000 0.000000
0.000000 0.000000 0.000000 540.000000
0.000000 0.000000 0.000000 0.000000
0.000000 0.000000 0.000000 0.000000
0.000000 0.000000 0.000000 0.000000
0.000000 0.000000 0.000000 0.000000
-0.900000 0.000000 0.000000 -0.900000
0.000000 0.000000 0.000000 0.000000
-0.900000 0.000000 0.000000 0.000000
0.000000 0.000000 0.000000 0.000000
0.000000 0.000000 0.000000 0.000000
0.000000 0.000000 0.000000 0.000000
-0.900000 0.000000 -0.900000 0.000000
0.000000 -0.900000 -1.305000 -0.900000
-0.990000 -0.990000 -1.485900 -0.900000
-0.990000 -0.999900 -0.990000 -1.305000
0.000000 -0.900000 0.000000 -0.990000
0.000000 0.000000 0.000000 0.000000
0.000000 0.000000 0.000000 0.000000
0.000000 0.000000 0.000000 0.000000
0.000000 0.000000 0.000000 0.000000
0.000000 0.000000 0.000000 0.000000
0.000000 0.000000 0.000000 0.000000
0.000000 0.000000 0.000000 0.000000
0.000000 0.000000 0.000000 0.000000
0.000000 0.000000 0.000000 -0.900000
-0.900000 0.000000 0.000000 0.000000
0.000000 -0.900000 -0.900000 0.000000
-1.404000 -0.900000 -0.900000 0.000000
-0.900000 -0.900000 0.000000 0.000000
0.000000 -0.900000 0.000000 -0.900000
-1.395000 -0.900000 -0.900000 0.000000
-0.900000 -0.990000 -0.900000 -0.900000
0.000000 -1.305000 0.000000 0.000000
-0.900000 0.000000 0.000000 0.000000
0.000000 -0.900000 0.000000 0.000000
0.000000 -0.900000 0.000000 0.000000
0.000000 0.000000 0.000000 0.000000
0.000000 0.000000 0.000000 -0.990000
0.000000 0.000000 0.000000 -1.395000
0.000000 0.000000 0.000000 0.000000
0.000000 0.000000 0.000000 0.000000
0.000000 0.000000 0.000000 0.000000
0.000000 0.000000 0.000000 0.000000
0.000000 0.000000 0.000000 0.000000
0.000000 0.000000 0.000000 0.000000
0.000000 0.000000 0.000000 0.000000
0.000000 0.000000 0.000000 0.000000
0.000000 0.000000 0.000000 0.000000
0.000000 0.000000 0.000000 -0.900000
-90.000000 -0.900000 0.000000 0.000000
-90.000000 0.000000 -0.900000 -0.900000
-90.000000 -0.990000 -0.900000 -0.999000
0.000000 -0.990000 0.000000 0.000000
0.000000 0.000000 -1.305000 0.000000
-100.305000 -0.900000 -0.990000 -0.990000
-99.900000 -0.990000 0.000000 -0.990000
0.000000 -0.900000 0.000000 0.000000
0.000000 -0.900000 0.000000 0.000000
0.000000 0.000000 0.000000 0.000000
0.000000 0.000000 0.000000 0.000000
0.000000 0.000000 0.000000 0.000000
0.000000 0.000000 0.000000 0.000000
0.000000 0.000000 0.000000 0.000000
0.000000 0.000000 0.000000 0.000000
