0.198169 -99.889388 0.048576 -99.888366
0.730575 -0.888263 2.060883 -98.547216
4.980136 0.035669 2.983506 -97.355998
3.324212 1.651600 43.214415 -78.410940
30.096482 20.425342 20.445950 -94.010219
10.136030 16.960432 2.602636 -92.286865
7.160007 7.366423 6.473843 -96.417536
93.817558 5.235017 11.699606 -92.445195
25.568761 0.824458 6.636361 -94.855188
11.561333 12.750369 12.525107 -91.401047
12.277387 27.519045 121.948653 -87.492968
67.076199 12.629213 65.652619 22.929042
21.794769 134.883342 8.760263 -96.409266
12.714745 59.062245 5.480642 -90.706778
12.676994 26.423679 10.417075 -93.637230
8.072704 5.591157 7.547942 -95.311914
11.848081 4.540946 8.874557 -94.069201
18.591937 4.938116 5.081572 -94.061578
12.134684 4.938676 5.693783 -93.217700
30.914157 5.145972 5.586775 -93.347292
13.170748 13.627614 12.393400 -93.344510
26.528768 6.149234 5.649928 -85.773177
12.188977 13.278250 1.740907 -93.249401
5.144950 5.491805 -97.258439 -97.269640
2.391272 -96.318920 1.492224 -0.762040
0.527346 0.198168 2.131280 0.034071
2.269298 0.744331 6.005387 2.057429
6.155451 2.300441 8.184436 3.526276
14.877921 6.061777 9.238308 14.380233
11.534087 6.599606 7.160431 20.446359
6.526642 10.121012 16.320002 2.582141
10.990022 13.484556 207.160738 6.278144
10.684909 97.588268 13.007833 12.895176
16.168891 25.050437 12.194487 8.665662
59.921810 2.561403 66.613137 12.099550
52.193530 30.303730 58.496665 34.011300
4.094646 9.563436 5.449643 63.688942
8.889751 3.832547 8.829743 26.554172
3.433214 3.526954 5.218224 19.640973
9.761543 8.876551 11.842016 9.173887
6.806557 5.426687 20.155142 4.925901
12.326947 14.873655 21.707537 5.217590
20.727346 20.614529 17.507472 7.639443
37.013528 39.650399 33.756217 6.172794
69.591072 17.187544 10.634175 5.605078
14.018075 19.334908 12.216930 12.363001
12.065392 12.062839 5.302532 5.725083
13.355695 12.257393 -94.385518 1.733263
-0.538502 -96.647423 0.411667 2.766194
-0.222048 1.977199 2.150091 1.519790
1.301020 0.087900 6.169435 2.032496
4.578479 2.918224 14.304429 6.007998
3.871779 6.176799 11.111232 19.322090
4.557094 8.717925 24.183429 10.214449
10.858021 11.311917 11.081034 7.202864
4.416260 15.331074 10.750870 15.780357
2.618451 10.984915 16.098984 25.147429
7.033909 9.933417 7.018966 34.133193
2.629943 16.065616 135.968378 30.238626
1.926845 65.743503 3.709546 87.749070
9.360104 3.872417 3.020223 4.390931
3.055143 4.375016 3.947204 5.464769
1.144765 7.552466 2.268638 8.821106
3.286186 4.616254 126.936274 5.063182
8.333032 2.713575 67.446059 36.363633
9.562663 139.065076 29.298971 19.808050
15.048238 62.850630 34.656277 12.097435
17.376721 26.711216 69.665976 30.891253
54.239085 33.833162 13.978434 28.216149
20.259829 28.051159 6.993468 12.064442
15.584340 14.051285 12.191365 12.198961
12.357513 26.368518 -85.527510 5.130428
-99.642647 -99.759281 -0.221987 0.716561
-99.215241 -0.652919 1.319990 0.118933
-97.566175 -0.325617 4.601664 2.156566
-94.143295 1.434764 6.701697 6.161401
-92.837266 4.578478 5.054461 8.717489
-94.224028 6.153845 6.665425 11.098323
-92.334575 4.574513 4.535377 6.615176
-94.500485 7.109036 2.674230 10.920273
-96.382550 1.134406 7.051918 10.400452
-91.964679 2.743650 2.567571 16.066940
-94.981014 7.052072 1.367936 6.934173
-97.688512 4.204657 2.893465 122.951292
-89.634670 7.559575 2.969472 3.994982
-96.035146 2.845340 2.809608 8.803889
-95.735307 2.983815 3.830794 3.472936
-89.672074 1.071701 8.428364 4.802064
-90.992971 9.327756 7.857622 25.720287
-89.442838 3.747398 18.732178 62.845341
-84.344432 8.496071 18.805215 30.512817
1.739292 15.078702 240.700883 34.231039
156.169541 105.886675 21.688636 30.463326
49.572148 44.419752 29.177665 13.026637
34.483118 63.372845 13.146896 7.324305
15.574550 30.539559 -86.027448 13.574677
0.000000 0.000000 0.000000 0.000000
0.000000 0.000000 0.000000 0.000000
0.000000 0.000000 0.000000 0.000000
0.000000 0.000000 0.000000 0.000000
0.000000 0.000000 0.000000 0.000000
0.000000 0.000000 0.000000 0.000000
0.000000 0.000000 0.000000 0.000000
0.000000 0.000000 0.000000 0.000000
0.000000 0.000000 0.000000 0.000000
0.000000 0.000000 0.000000 0.000000
0.000000 0.000000 0.000000 0.000000
0.000000 0.000000 0.000000 0.000000
0.000000 0.000000 0.000000 0.000000
0.000000 0.000000 0.000000 0.000000
0.000000 0.000000 0.000000 0.000000
0.000000 0.000000 0.000000 0.000000
0.000000 0.000000 0.000000 0.000000
0.000000 0.000000 0.000000 0.000000
0.000000 0.000000 0.000000 0.000000
0.000000 0.000000 0.000000 0.000000
51.638344 -53.437267 43.430127 93.446393
37.131594 51.275975 21.302193 22.534708
40.734676 44.338080 16.285937 29.180421
34.574169 34.471222 -82.783486 7.013727
0.000000 0.000000 0.000000 0.000000
0.000000 0.000000 0.000000 0.000000
0.000000 0.000000 0.000000 0.000000
0.000000 0.000000 0.000000 0.000000
0.000000 0.000000 0.000000 0.000000
0.000000 0.000000 0.000000 0.000000
0.000000 0.000000 0.000000 0.000000
0.000000 0.000000 0.000000 0.000000
0.000000 0.000000 0.000000 0.000000
0.000000 0.000000 0.000000 0.000000
0.000000 0.000000 0.000000 0.000000
0.000000 0.000000 0.000000 0.000000
0.000000 0.000000 0.000000 0.000000
0.000000 0.000000 0.000000 0.000000
0.000000 0.000000 0.000000 0.000000
0.000000 0.000000 0.000000 0.000000
0.000000 0.000000 0.000000 0.000000
0.000000 0.000000 0.000000 0.000000
0.000000 0.000000 0.000000 0.000000
0.000000 0.000000 0.000000 0.000000
23.594266 -33.533068 35.063030 115.941255
45.767128 57.702021 48.830734 44.022157
19.969197 99.826092 7.594138 21.773075
9.460721 17.178252 -91.346101 16.176307
0.000000 0.000000 0.000000 0.000000
0.000000 0.000000 0.000000 0.000000
0.000000 0.000000 0.000000 0.000000
0.000000 0.000000 0.000000 0.000000
0.000000 0.000000 0.000000 0.000000
0.000000 0.000000 0.000000 0.000000
0.000000 0.000000 0.000000 0.000000
0.000000 0.000000 0.000000 0.000000
0.000000 0.000000 0.000000 0.000000
0.000000 0.000000 0.000000 0.000000
0.000000 0.000000 0.000000 0.000000
0.000000 0.000000 0.000000 0.000000
0.000000 0.000000 0.000000 0.000000
0.000000 0.000000 0.000000 0.000000
0.000000 0.000000 0.000000 0.000000
0.000000 0.000000 0.000000 0.000000
0.000000 0.000000 0.000000 0.000000
0.000000 0.000000 0.000000 0.000000
0.000000 0.000000 0.000000 0.000000
0.000000 0.000000 0.000000 0.000000
29.480564 -73.288197 44.136370 48.867740
20.852174 572.430569 138.222962 99.026413
17.282620 282.803748 9.220991 40.682236
7.562527 20.888656 -89.635582 7.879482
-0.900000 0.000000 0.000000 0.000000
0.000000 0.000000 0.000000 0.000000
0.000000 0.000000 -0.900000 900.000000
0.000000 -0.900000 0.000000 0.000000
0.000000 0.000000 0.000000 0.000000
0.000000 0.000000 0.000000 0.000000
0.000000 0.000000 0.000000 0.000000
0.000000 0.000000 0.000000 0.000000
0.000000 0.000000 0.000000 0.000000
0.000000 0.000000 0.000000 0.000000
0.000000 0.000000 0.000000 0.000000
0.000000 0.000000 0.000000 0.000000
0.000000 0.000000 0.000000 0.000000
0.000000 0.000000 0.000000 0.000000
0.000000 0.000000 0.000000 0.000000
0.000000 0.000000 0.000000 0.000000
0.000000 0.000000 0.000000 0.000000
0.000000 0.000000 0.000000 0.000000
0.000000 0.000000 0.000000 0.000000
0.000000 0.000000 0.000000 0.000000
58.198457 -71.301095 21.111736 31.523310
25.651014 45.656531 17.123955 261.118058
13.294731 21.774699 7.582891 36.247506
7.228228 17.124877 -91.070773 9.123086
-0.990000 -99.000000 -0.900000 -0.900000
0.000000 -1.395000 0.000000 0.000000
0.000000 -0.900000 -0.900000 -0.900000
-0.900000 0.000000 0.000000 0.000000
0.000000 0.000000 0.000000 0.000000
-1.404000 0.000000 -1.395000 0.000000
83.570662 -0.990000 96.760800 -100.305000
52.865945 5.669206 69.235611 -8.574750
43.246104 41.014516 38.920553 -39.910619
58.605581 59.100689 54.617956 12.664285
38.844235 43.574157 30.443080 -43.965605
64.002817 51.128836 64.114763 -73.095636
131.544529 27.807741 35.616057 -34.983019
62.905153 65.565787 40.197523 16.010775
85.125877 38.961482 45.468676 -72.911069
73.859074 24.780680 85.362302 -58.730610
152.734144 86.346462 369.998471 -77.543248
241.795611 245.239132 122.969728 122.468623
119.935219 127.152716 119.937947 142.882039
58.962675 727.708912 57.362190 20.935821
26.138734 61.078879 30.287635 43.700636
12.953149 58.952263 12.941278 21.757729
7.304730 28.398967 7.231519 17.697363
7.353760 13.295696 -91.763334 9.028485
0.000000 0.000000 -0.999900 -0.900000
-0.990000 -0.990000 -0.990000 0.000000
0.000000 -0.900000 0.000000 -0.999000
-0.900000 -0.900000 0.000000 0.000000
-0.900000 0.000000 -0.900000 0.000000
-0.990000 -0.900000 -0.900000 -0.999000
7.042933 0.000000 54.524293 36.566398
28.196074 26.464767 49.069845 107.340232
48.701020 55.811325 57.579873 56.048240
88.708275 49.835404 25.829246 111.215619
-0.900000 59.398323 -1.449450 54.057567
22.514766 30.701611 50.363568 24.904464
20.420536 28.163887 84.710994 64.744087
27.797482 42.255215 42.410432 53.613259
42.886877 29.822138 75.537441 181.574197
87.351161 26.932019 129.724170 46.139621
175.361490 66.097768 241.248793 256.173559
118.763779 417.694810 119.909762 485.718902
58.910886 241.631222 58.912656 241.879780
28.139611 119.909992 28.362082 119.925594
12.905889 58.358712 12.990874 58.783630
5.522359 28.109366 7.233606 27.685407
4.290484 13.048042 7.167429 13.199818
2.566453 6.320720 -91.680882 16.712847
-0.900000 0.000000 -0.900000 -0.900000
-0.990000 0.000000 0.000000 -0.900000
0.000000 0.000000 0.000000 -0.900000
0.000000 -0.900000 0.000000 -0.900000
-0.990000 -0.900000 -1.489950 -0.900000
-0.999900 -0.999000 5.625061 -0.999000
-1.395000 1.491777 96.688530 98.645341
35.142676 48.109902 48.656428 55.808908
-0.999900 40.091899 98.465195 42.796653
-1.404000 47.725509 1.633823 72.266471
-1.494090 88.618275 5.940718 -0.900000
-0.999000 1.683323 15.491596 62.935275
18.454656 -0.900000 30.943488 42.125160
19.983921 21.033958 36.656877 29.603185
-0.900000 80.394750 87.114714 89.723825
-0.990000 39.194401 190.686134 180.093750
16.595147 22.050542 118.312996 420.978472
58.296937 205.698832 58.824170 239.555063
18.558942 109.340732 25.513860 119.918402
0.529529 58.897466 12.717104 -0.900000
4.755175 25.185945 5.432308 28.339108
1.749802 12.858148 4.233338 13.053705
-0.200173 6.130946 0.000000 6.231231
0.058568 4.323338 -90.000000 7.303015
-99.405000 -90.000000 -0.900000 -0.999000
0.000000 -0.999000 0.000000 0.000000
0.000000 0.000000 0.000000 0.000000
0.000000 0.000000 0.000000 0.000000
-90.000000 0.000000 -0.900000 -0.999900
0.000000 -0.999000 -0.900000 -1.494405
-100.345500 -0.999000 -0.900000 -0.990000
-62.812339 -0.999000 14.816368 38.193510
0.000000 35.147261 7.367178 43.741104
-100.395000 18.683507 -1.435500 88.618275
-100.494940 -0.990000 -1.494495 -1.404900
-100.386000 -1.489950 4.903887 27.321874
-81.664723 1.167249 39.302133 19.368075
-79.011467 -0.900000 16.146959 31.470611
0.000000 39.302133 37.882130 0.000000
-61.458258 17.422482 77.841902 24.370814
-80.891051 9.005725 51.997670 206.060513
-42.113549 85.955815 24.356905 118.745398
-95.017946 55.350482 0.520619 10.071734
-99.405000 3.488730 5.266294 -0.999000
-100.345500 0.810983 1.871778 12.930922
-99.900000 4.907260 -0.300163 5.498374
-98.300173 1.555171 0.173324 4.323338
0.000000 -0.200173 -88.917719 2.405069
